"","z1","z2","NfL","GFAP","AB42_40_ratio","pTau181_recode","cognition"
"z1",1,-0.266,0.368,0.419,-0.027,0.978,-0.17
"z2",-0.266,1,-0.66,-0.633,0.6,-0.176,0.205
"NfL",0.368,-0.66,1,0.44,-0.011,0.276,-0.217
"GFAP",0.419,-0.633,0.44,1,-0.009,0.296,-0.245
"AB42_40_ratio",-0.027,0.6,-0.011,-0.009,1,-0.042,-0.011
"pTau181_recode",0.978,-0.176,0.276,0.296,-0.042,1,-0.135
"cognition",-0.17,0.205,-0.217,-0.245,-0.011,-0.135,1
