"","z1","z2","NfL","GFAP","AB42_40_ratio","pTau181_recode","cognition"
"z1",1,-0.138,-0.766,-0.749,0.052,-0.712,0.262
"z2",-0.138,1,0.123,0.43,-0.722,-0.241,-0.077
"NfL",-0.766,0.123,1,0.44,-0.011,0.276,-0.217
"GFAP",-0.749,0.43,0.44,1,-0.009,0.296,-0.245
"AB42_40_ratio",0.052,-0.722,-0.011,-0.009,1,-0.042,-0.011
"pTau181_recode",-0.712,-0.241,0.276,0.296,-0.042,1,-0.135
"cognition",0.262,-0.077,-0.217,-0.245,-0.011,-0.135,1
